0,0 
18,336300 
14,329143 
6,920956 
12,246595 
-28,58707 
34,212856 
30,591083 
26,174227 
22,298384 
4,1405215 
38,382832 
32,129863 
10,359266 
8,558891 
2,537417 
212,7897 
64,25496 
28,127280 
-60,13549 
42,224119 
84,23143 
24,113842 
-8,26050 
-24,62713 
-40,36975 
246,2043 
108,48258 
-222,81 
44,580597 
52,56492 
16,303571 
78,18186 
-62,18554 
88,18715 
-72,11314 
-184,4334 
-44,15232 
-16,51218 
-66,13857 
-12,12336 
270,8595 
240,15995 
150,19520 
-178,6968 
102,12282 
-254,3599 
100,13769 
48,181520 
-26,42619 
-18,70834 
-20,64364 
-98,17929 
20,675873 
-34,21155 
-56,16408 
-14,291109 
-10,27429 
-30,20669 
56,32356 
-88,27121 
274,3151 
160,187045 
130,79662 
-236,81 
96,86814 
62,32180 
-46,18682 
50,106898 
114,29832 
112,50845 
334,5735 
154,8634 
184,4177 
298,4353 
76,140737 
46,174762 
120,134397 
-110,479699 
358,532 
36,64670 
-22,35665 
134,18205 
126,13505 
68,92420 
-164,22422 
446,2124 
436,1701 
426,1700 
410,1699 
-516,2124 
594,531 
512,531 
106,86629 
168,40097 
122,36541 
148,37975 
144,46815 
-176,43011 
328,4170 
72,22459 
236,3742 
92,35533 
86,13387 
74,56676 
166,6491 
118,31024 
262,2041 
704,681 
796,530 
98,30010 
-210,14 
-36,12562 
220,2664 
186,23472 
-206,4779 
58,75967 
136,24245 
-120,9307 
348,5503 
288,1919 
-326,1919 
310,1009 
-224,16694 
-310,1933 
70,57828 
-58,55945 
252,5289 
140,6114 
-54,18610 
-234,1933 
264,712 
-74,13786 
-250,3740 
256,8905 
158,74284 
40,226432 
-68,263805 
-122,5933 
156,2141 
806,164 
760,24282 
750,24282 
580,28797 
564,11994 
-114,99892 
178,55405 
128,105221 
-788,24282 
60,107622 
442,3078 
434,1098 
-92,12710 
216,8026 
210,15185 
-96,23132 
90,3470 
54,46912 
484,1 
228,4866 
-6,68 
132,19972 
-260,63 
-2224,761 
110,40255 
-52,21319 
-50,28964 
1534,291 
1518,291 
424,1851 
152,3141 
-48,41278 
-1130,109 
846,116 
2072,235 
-1304,59 
680,124 
82,13326 
-1290,57 
-1114,57 
-38,26328 
-1514,179 
444,8103 
66,26262 
200,14085 
-94,53571 
146,1723 
80,102230 
-138,4308 
-334,1192 
116,53420 
-136,31211 
258,10615 
182,18911 
-282,9778 
190,3220 
-358,1192 
468,9450 
464,34549 
316,5628 
94,25072 
-490,11244 
1816,2116 
1754,19012 
1248,16538 
534,13268 
672,13270 
582,10583 
-1794,19012 
104,7604 
356,17631 
352,2865 
180,28661 
230,14876 
164,26825 
-208,25441 
-32,19935 
124,15236 
322,2603 
-320,21090 
342,3032 
-328,22189 
198,16772 
-152,10732 
-192,11342 
-108,23492 
382,2125 
-380,6553 
560,713 
536,1678 
324,2024 
278,10776 
276,11018 
-304,10462 
892,4972 
878,4376 
138,4353 
282,339 
982,6165 
854,2515 
508,2109 
-82,30307 
492,25317 
452,10168 
222,11611 
-104,3718 
-418,3456 
-438,3456 
-444,1515 
-662,34208 
-112,11351 
-194,3679 
-324,1009 
196,14651 
-220,9106 
218,2981 
208,6800 
-242,3394 
320,8567 
-90,39209 
318,2992 
238,8346 
286,1772 
170,1363 
-150,3341 
-162,4480 
378,2588 
-118,44817 
-156,54908 
362,9032 
194,382 
162,11496 
-132,2831 
-226,1599 
248,1153 
360,1063 
524,17467 
662,982 
-78,13249 
294,24578 
660,12949 
-344,4347 
176,2489 
740,56 
734,38 
244,524 
514,218 
496,46 
490,32 
472,682 
-586,224 
-144,1652 
-116,1632 
-128,90891 
344,42 
306,1206 
-342,197 
250,4301 
204,5530 
-232,1015 
370,17 
292,208 
206,34 
-316,97 
-356,61 
626,17 
364,1930 
188,6261 
-348,7064 
266,2847 
-308,1015 
232,232 
2592,56 
2554,4536 
-2582,4536 
-80,20236 
-102,3829 
428,1491 
202,1008 
-584,4495 
-218,9514 
934,2200 
710,474 
644,341 
628,326 
614,303 
284,8414 
-174,10569 
-84,15846 
242,4603 
-76,14970 
-42,16146 
226,1629 
-100,10298 
372,5148 
-230,46 
272,959 
-238,6645 
-288,1727 
-86,4801 
254,658 
-180,2132 
302,1090 
-252,1546 
338,4404 
-302,3182 
-322,1009 
-466,1519 
174,2171 
688,69 
354,2903 
-146,31649 
1052,19994 
1044,16261 
700,7476 
268,21308 
-700,14294 
830,958 
820,429 
810,109 
784,34 
776,225 
510,16813 
386,4239 
-70,8625 
312,3021 
304,2112 
234,33 
172,857 
-350,711 
308,1790 
-148,33281 
970,2516 
956,2123 
412,22326 
824,1710 
-154,13596 
-798,4082 
694,1711 
676,1711 
-720,22211 
454,4515 
376,15639 
-408,15469 
518,1294 
-478,2373 
936,8296 
-278,9190 
-910,2595 
632,4250 
-670,4250 
-318,5302 
-140,5326 
214,11033 
1186,12457 
-172,4235 
642,12456 
844,4679 
-124,3078 
438,840 
474,5246 
516,50 
520,56 
-126,29 
192,884 
-106,12 
326,17 
548,290 
480,24 
470,23 
350,27 
566,612 
608,1538 
666,686 
658,686 
224,2902 
332,96 
-158,1717 
-142,803 
142,1516 
-130,2397 
450,1255 
-214,13 
670,6 
618,18 
-652,18 
596,1 
-168,20 
-246,286 
458,54 
2544,108 
2460,19 
2434,8 
2420,8 
2416,8 
2414,8 
2312,8 
2302,6 
814,6 
260,4501 
-284,4501 
-480,432 
1012,727 
340,650 
392,9 
384,6 
-296,55 
408,2 
656,646 
-64,300 
-554,671 
290,292 
900,64 
718,54 
640,246 
-702,108 
488,76 
612,61 
402,2 
448,143 
-312,9 
336,3 
826,26 
584,23 
610,38 
708,23 
648,272 
630,103 
-452,1115 
-626,353 
572,39 
-692,600 
-186,26 
638,10 
-618,22 
860,3 
