0,0 
18,110497 
14,2254582 
6,755944 
12,2561031 
-28,4967 
34,70839 
30,306451 
26,274458 
22,66104 
4,539303 
38,4522 
32,37492 
10,463479 
42,36413 
-22,67802 
8,325367 
112,3561 
70,2709 
-8,10209 
28,121881 
20,20080 
-10,180174 
-16,53733 
2,2463657 
46,16055 
-24,88151 
484,1 
228,3683 
-6,11355 
84,4988 
150,1478 
122,24253 
56,423122 
160,952 
130,3565 
358,177 
24,136957 
44,734593 
52,684598 
54,373362 
48,4478 
168,40341 
108,6754 
132,21507 
-260,42 
-20,135 
-2224,144 
76,238 
110,126264 
40,18309 
-52,67 
-54,1823 
-56,5331 
-58,1352 
-60,64006 
-50,2180481 
-62,3411 
1534,37 
1518,1256 
-40,66595 
58,24510 
-12,377825 
-14,113976 
66,42148 
64,10122 
-36,13957 
92,2960 
-86,342 
16,674799 
-1540,1 
444,8 
-44,76747 
1164,1 
-1158,7 
36,515606 
74,2707 
1966,1219 
78,14595 
106,14330 
50,49344 
-812,1215 
102,8031 
-78,10289 
212,2468 
810,1215 
-1966,1219 
-592,1 
-1306,4 
176,55 
402,4 
-406,408 
-442,1 
-334,1 
-370,1 
82,4413 
2072,46 
-48,2041 
104,32 
60,771702 
90,4194 
128,17999 
-66,30 
-84,82 
2086,24 
140,25 
98,13462 
424,60 
152,1673 
262,79 
86,60 
-1130,31 
846,18 
282,11 
62,28323 
114,9888 
3762,1 
-4464,11 
-1990,11 
208,10 
100,20309 
466,76 
236,211 
-70,6089 
72,11148 
-96,22 
-106,674325 
-26,1270 
-68,251878 
-98,1122 
-790,10 
-800,10 
184,50 
-178,46 
882,10 
642,10 
-38,4044 
-1514,42 
88,1366 
-124,19 
260,3507 
68,702173 
-136,17983 
-280,67845 
182,65 
-180,51 
148,12768 
308,3508 
-32,2058 
772,61 
-18,165325 
174,88 
134,588 
-80,3096 
-42,2834 
186,1 
-76,8 
80,2581 
-148,33 
-100,2278 
116,21220 
-130,3836 
-82,3655 
94,407 
-90,404 
538,1 
450,404 
-534,404 
342,274 
-286,274 
192,63889 
172,404 
-88,20078 
-168,1212 
-188,404 
154,31 
164,1 
124,375 
136,1 
-34,293623 
-94,7 
162,55 
412,1 
-30,404 
120,3368 
126,17488 
196,52 
96,7240 
-192,373 
204,3 
166,10523 
-92,72178 
-174,42 
-108,63869 
146,4592 
-72,1912 
244,6 
234,364 
638,3 
632,3 
-616,21 
280,1 
-258,361 
488,1 
-1498,8 
376,12717 
676,2 
610,6 
426,6 
-412,30 
-672,6 
246,5 
-226,51 
-166,6613 
-128,19 
144,32302 
-164,4592 
-112,16 
-122,583 
156,3 
-150,1297 
-46,7 
256,426 
218,24 
-238,24 
210,5 
-116,20 
-254,6 
-160,24 
254,376 
-250,9879 
158,287 
238,1 
222,2 
-236,2 
-156,339 
202,1 
-182,361 
406,68 
-404,136 
526,306 
492,4590 
-142,17391 
-126,34680 
-372,17340 
-104,12384 
-522,4590 
-158,112 
-202,19 
564,306 
520,4590 
-120,510 
-556,4590 
274,289 
-272,867 
266,289 
-262,1734 
296,1156 
-324,1156 
258,289 
118,51 
138,3160 
-152,15 
-200,4 
332,1 
570,9877 
474,136 
-114,72088 
230,9877 
-326,9877 
224,6732 
-224,63707 
398,578 
514,289 
142,1 
170,1 
-102,248327 
