0,0 
18,21 
14,24 
6,78 
12,71 
-28,16 
34,13 
30,10 
4,127 
38,8 
22,23 
32,2 
10,76 
8,84 
20,41 
2,81 
-10,96 
44,20 
52,5 
46,8 
70,13 
26,41 
-24,391 
484,1 
228,4 
-6,18 
84,119 
150,2 
122,3 
56,3 
160,2 
130,2 
358,1 
98,2 
78,1 
42,12 
-16,1 
66,2 
332,1 
322,1 
16,112 
54,56 
48,7 
40,23 
88,1 
82,25 
50,3 
-54,23 
24,6 
192,1 
28,9 
-2224,27 
76,32 
110,21 
-52,11 
-56,10 
-58,20 
-60,10 
-50,74 
-62,10 
1534,10 
1518,10 
-38,4 
-40,10 
58,10 
168,5 
108,3 
-260,5 
-1514,1 
-1498,62 
444,9 
2072,10 
-48,38 
-12,17 
-14,1 
90,1 
128,1 
-66,1 
-84,1 
2086,1 
424,2 
152,2 
262,2 
86,1 
-1114,1 
846,1 
114,1 
68,100 
300,2 
64,1 
184,2 
176,2 
62,1 
276,2 
-98,100 
132,3 
-34,2 
36,4 
308,2 
60,1 
-8,12 
-20,3 
