0,0 
18,21200 
14,2220 
6,81167 
12,8093 
-28,5 
34,39446 
30,296 
4,244167 
38,5410 
22,1950 
32,43 
10,10196 
8,72654 
20,19965 
2,127203 
-10,683 
44,6953 
52,344 
46,4812 
70,235 
26,902 
-24,1023 
484,1 
228,4 
-6,25 
84,102 
150,49768 
122,18625 
56,3 
160,96 
130,6 
358,1 
98,134 
78,107 
42,27373 
-16,79 
66,34 
332,10 
322,10 
16,1576 
54,555 
48,345 
40,1859 
88,1 
82,4895 
50,4 
-54,42 
24,168 
-8,118 
-14,260 
462,10 
-30,101 
106,1666 
102,10 
74,18628 
176,10 
112,5079 
192,10 
110,24 
-326,10 
36,66945 
28,11305 
142,6 
360,15 
90,20 
-144,9 
1050,6 
146,15316 
386,20 
72,2419 
168,18 
108,3 
-260,18 
58,319 
64,8 
166,14 
-32,20285 
-12,1136 
216,2 
190,14 
-376,14 
132,15327 
-20,313 
-2224,27 
76,28 
2072,1 
-48,2 
-52,26 
-56,25 
-58,132 
-60,422 
-50,15 
-62,13 
1534,13 
1518,13 
424,2 
152,5 
262,2 
86,12 
-1114,1 
846,1 
212,1 
174,18606 
148,2288 
134,1646 
270,1 
-236,4 
320,1 
-294,4 
428,1 
416,1 
-26,258 
-22,126 
384,6564 
104,15314 
138,4920 
-42,3545 
-18,15024 
80,4718 
-36,5019 
-150,2400 
-172,6 
9568,1 
9514,8 
9488,8 
9460,36 
9424,36 
9368,204 
9334,204 
9306,694 
9296,148 
8980,66 
-9334,666 
-9396,176 
-9488,36 
-9542,8 
210,642 
916,642 
860,795 
764,2271 
638,6891 
-622,27363 
-764,6879 
-852,2271 
-904,795 
8274,642 
370,642 
286,1926 
-264,5370 
-346,1926 
7878,642 
7020,642 
6880,1926 
6698,5394 
-6880,5394 
6302,5071 
6190,15045 
6114,41739 
-6182,41739 
-6302,15045 
-6976,1926 
118,29236 
5010,27497 
412,642 
5100,27292 
490,9977 
180,24880 
4504,49760 
4358,49760 
622,49760 
3008,32522 
5882,3817 
5486,3650 
5568,3466 
128,22222 
3734,44420 
410,4 
282,12 
62,14 
114,13 
208,12 
100,36 
466,106 
236,106 
-70,106 
-96,26 
-106,26 
-68,12 
-78,12 
-98,194 
244,10 
234,10 
-790,12 
-800,12 
184,96 
-178,74 
882,12 
642,12 
632,12 
-616,82 
-66,12 
-84,12 
-4464,12 
-1990,12 
68,100 
300,2 
276,2 
-34,2 
308,2 
60,1 
