0,0 
18,715512 
14,572405 
6,1573854 
12,694424 
-28,22790 
34,336153 
30,374901 
26,502343 
22,671638 
4,1950945 
38,187883 
32,285891 
10,1404864 
-10,50921 
-8,201247 
8,1448744 
20,510236 
2,1574773 
206,69800 
60,259768 
-16,121340 
36,461366 
-12,142572 
212,8842 
64,196638 
28,490715 
-60,70019 
42,342504 
-124,6861 
16,651804 
-88,13558 
-112,14031 
-22,59730 
70,176332 
-24,299240 
-100,26620 
-116,6611 
-20,58948 
-70,6721 
-126,2786 
-76,47191 
-36,7543 
-90,15436 
-26,44873 
-58,17779 
230,48317 
-240,1119 
224,19999 
136,22078 
-136,10094 
-6,97344 
40,335941 
-106,43504 
-42,25754 
-14,83336 
-38,220394 
132,62719 
-122,12383 
988,1 
46,109620 
66,107159 
52,147827 
50,152376 
890,10622 
886,6 
722,222 
712,972 
694,1536 
-984,47906 
84,92368 
112,45553 
484,2281 
228,21639 
150,35502 
122,44045 
56,191581 
160,39123 
130,32633 
358,7109 
154,62431 
44,204834 
74,162043 
24,410680 
156,73399 
54,140105 
58,85401 
-72,34350 
578,249 
402,1010 
-34,30989 
-132,28017 
-40,171669 
-32,43911 
80,115333 
-50,30703 
184,70430 
48,197412 
88,63910 
280,5961 
-102,60029 
86,49558 
290,9067 
-110,1019 
238,15124 
-44,11560 
78,100014 
76,76633 
-66,23005 
382,6120 
148,26924 
94,59845 
106,52183 
-56,19054 
-144,3679 
232,10685 
-228,725 
-168,52053 
-54,26437 
100,42590 
960,734 
858,171 
-18,142288 
134,62240 
852,35492 
366,9124 
502,5534 
140,110490 
82,161575 
72,114528 
7312,2835 
152,84510 
90,199776 
244,27937 
164,39414 
492,947 
6202,2783 
336,5452 
68,155824 
142,13611 
138,99678 
666,2558 
540,4195 
338,13470 
494,12218 
488,4361 
474,1485 
456,10242 
448,676 
470,4794 
-82,4655 
200,45250 
98,41862 
676,68224 
268,7701 
-74,59346 
360,58015 
226,30194 
286,9171 
120,98752 
328,18754 
118,111351 
128,91949 
124,34107 
92,22481 
1006,3211 
956,160 
950,225 
906,38 
-92,11956 
294,132252 
242,115169 
178,65173 
748,12387 
272,16181 
734,5968 
668,700 
3066,5968 
388,19055 
352,7679 
406,4804 
240,10258 
2374,2709 
684,4938 
170,80977 
162,33831 
114,41622 
744,6077 
3078,4059 
-140,11535 
190,17302 
-182,6290 
144,33692 
-170,3786 
-130,3490 
316,35928 
342,3291 
-134,19069 
3094,1888 
1374,685 
172,36069 
-560,2186 
-570,128 
194,62335 
192,77718 
256,12012 
214,160573 
-48,11085 
-30,90307 
1498,2811 
168,54987 
108,33488 
-260,51 
-2224,5520 
110,15890 
2072,1665 
-52,10370 
-62,33619 
1534,2479 
1518,2479 
-1498,3594 
444,6911 
222,45439 
102,51238 
116,31473 
-114,20148 
-84,34563 
-1540,6 
-138,35344 
188,69566 
3740,17130 
-86,67186 
-94,28414 
3330,5318 
4234,37485 
3954,39176 
96,50733 
4298,13999 
4514,13999 
3248,3447 
270,9960 
-268,2155 
588,901 
552,1441 
416,25889 
1118,1165 
62,110076 
536,836 
4304,1691 
-360,171 
438,51411 
-474,150 
104,28520 
472,1960 
166,115003 
1604,879 
1602,879 
868,2077 
208,16173 
186,56142 
126,133251 
304,28844 
4826,926 
266,328 
254,36481 
-372,1531 
-432,611 
-80,61272 
710,10311 
250,7158 
-524,60 
182,72258 
158,80845 
1856,2 
4070,162 
-842,162 
-848,162 
-998,165 
284,4563 
204,34330 
-120,70799 
276,10512 
2946,1314 
452,58 
450,1388 
404,92780 
174,66379 
-46,25685 
-2298,7 
146,79737 
1636,1567 
700,2821 
546,4702 
176,78904 
-160,71 
-68,29421 
-1114,2314 
846,6528 
424,12126 
262,33842 
1380,7 
928,14 
-1374,14 
538,11116 
532,1512 
1254,921 
288,5618 
274,19250 
-78,28919 
426,1353 
320,13916 
-422,312 
308,809 
202,29664 
198,75704 
-220,20192 
7626,3340 
4584,183 
570,1050 
-568,870 
-164,903 
252,20663 
220,14862 
-216,653 
636,348 
-108,38595 
218,34939 
-146,6383 
324,6057 
-612,200 
5052,1 
5002,1 
422,5202 
3896,34 
378,9588 
460,457 
300,10424 
766,23 
782,413 
776,65 
568,137 
334,18502 
298,5396 
-302,3064 
-444,65 
264,8115 
446,7365 
314,1337 
1610,510 
7302,50 
196,43318 
310,5744 
292,6804 
1280,174 
3136,73 
1204,80 
1198,10771 
1132,64 
1122,196 
916,4040 
910,378 
798,34 
794,33 
2906,67 
884,289 
3010,856 
-104,4825 
-172,14207 
-158,2514 
332,26150 
-256,1225 
-578,266 
-582,266 
918,8540 
882,28236 
724,326 
508,26938 
500,336 
-6214,16 
662,6 
596,6 
306,11595 
-186,6961 
558,63831 
-4264,7 
1222,5169 
468,630 
350,6188 
322,15481 
318,11569 
1062,318 
644,732 
412,2612 
-262,818 
514,269 
510,81 
3024,6 
-932,6 
-938,5 
840,2 
826,8 
-274,48 
-154,15189 
-162,7 
3416,7 
1548,1516 
282,77552 
278,8809 
362,27382 
312,7637 
496,2775 
296,1156 
2412,17 
696,290 
260,11278 
-64,326 
234,11290 
1852,7 
394,11362 
1492,1077 
-190,17983 
344,4542 
340,6473 
866,15171 
760,12609 
368,9658 
-490,376 
434,22767 
414,6353 
592,2307 
258,16729 
216,36040 
2346,55 
2284,26317 
-2346,26336 
480,14345 
466,1752 
458,2836 
436,1956 
386,16613 
418,49041 
374,7979 
-232,95 
594,5062 
586,331 
246,11101 
380,3354 
372,2515 
-2358,55 
1376,907 
1372,7 
1364,7 
572,246 
-514,30 
504,261 
-504,8231 
482,1249 
478,3914 
-156,8580 
-214,19810 
210,46215 
-636,396 
-680,338 
326,1285 
-320,15920 
3318,13423 
1506,34972 
-312,12911 
-3308,12028 
-224,12948 
718,14252 
600,13715 
576,12032 
542,11188 
-594,12138 
1180,1705 
1178,1705 
1156,4212 
1152,3167 
1148,3167 
630,26023 
-660,26009 
1252,17837 
330,15521 
1818,15973 
1768,8735 
1676,8259 
-266,26369 
698,3340 
680,3024 
672,1961 
664,2295 
544,2966 
348,4929 
-362,2883 
2468,5123 
302,34028 
-98,12142 
180,55440 
506,5000 
236,29400 
2230,2674 
2224,2674 
-96,65001 
860,976 
410,7558 
390,4237 
376,4124 
364,9647 
1486,1072 
1478,1072 
1472,1072 
384,4209 
-210,3227 
1142,1126 
1130,1126 
824,4461 
812,1815 
780,1772 
772,4178 
714,5985 
1166,746 
1164,739 
-188,2740 
706,1568 
-378,1763 
-142,804 
1468,309 
1464,126 
-200,325 
-1058,355 
1230,499 
1196,573 
498,1099 
686,16210 
674,1565 
3442,76 
3432,76 
3460,36 
3456,36 
3358,36 
3354,36 
3206,40 
3184,40 
3178,40 
3080,40 
3076,36 
2554,72 
-462,72 
248,6886 
354,4391 
-244,10097 
-624,63217 
-634,21 
-638,428 
-258,2655 
420,6293 
-286,37662 
-282,27330 
-148,12693 
-118,22524 
628,168 
516,795 
-512,2718 
430,2647 
408,270 
-370,1142 
1290,1123 
1116,1104 
1108,701 
1100,722 
1090,640 
-208,919 
610,9681 
-868,10515 
-1254,326 
-1288,73 
1282,421 
1400,19 
-304,1078 
-310,910 
-318,67 
356,600 
660,1269 
648,4838 
604,530 
-344,572 
612,68 
-350,418 
-358,2967 
746,14540 
-744,60 
476,1088 
-234,313 
914,12 
888,8195 
528,14901 
1530,7206 
-456,2922 
370,3256 
-248,2922 
652,34 
1678,479 
1544,5508 
1356,21651 
-1388,2308 
346,6379 
-640,1224 
512,3622 
940,5382 
898,1582 
-1462,4227 
-1530,4227 
1576,426 
-180,24811 
-664,21 
1048,2705 
-128,15009 
1476,248 
1040,1603 
1672,198 
1026,26891 
1022,26891 
1016,27024 
1014,26891 
974,27237 
768,9409 
892,9851 
878,24269 
876,8176 
806,7678 
530,124 
518,245 
736,280 
732,283 
756,1214 
654,581 
3772,3131 
3762,3131 
634,44420 
3006,3131 
2908,1746 
548,1746 
-600,16794 
3086,9882 
1074,1256 
1056,29753 
924,24076 
3058,1661 
2996,1661 
2032,1746 
2024,1746 
1510,809 
1592,1746 
3750,1320 
2984,597 
2078,529 
934,529 
926,547 
462,2172 
972,2039 
1248,654 
1106,721 
810,688 
-1248,721 
1532,1560 
1346,1706 
1324,398 
804,390 
778,10353 
1828,490 
726,310 
720,310 
702,311 
574,2676 
-1542,390 
1312,73 
1304,116 
1276,73 
1616,1220 
816,123 
784,143 
398,2781 
788,1529 
856,3147 
-352,312 
1588,352 
1970,1090 
1470,1013 
1390,2131 
-1970,316 
440,119 
3574,162 
764,583 
730,20516 
740,583 
670,579 
1328,2 
922,2358 
902,2820 
880,1971 
1354,194 
1224,344 
1648,1773 
1504,177 
1496,109 
1488,58 
1298,296 
814,339 
650,491 
708,601 
900,548 
896,440 
1448,478 
1440,209 
-238,1590 
1538,508 
-222,194 
-348,119 
1192,201 
442,108 
1258,342 
-656,204 
1168,35 
1272,538 
1554,464 
1322,10824 
1316,462 
624,149 
986,23 
966,29 
-354,14863 
-284,126 
-290,4 
850,14 
834,1 
828,33 
820,1 
808,1 
786,1 
2848,158 
2386,138 
908,126 
1136,80 
1110,80 
1098,8924 
1078,76 
1010,30 
990,24 
-196,6048 
522,291 
790,144 
774,392 
1684,44 
1660,40 
1126,109 
646,57 
638,4785 
616,89 
608,9 
584,13 
1082,3 
944,127 
1024,14 
-152,64832 
822,3870 
4784,802 
400,20188 
752,4104 
1414,20311 
1320,10315 
614,101498 
-720,41232 
580,3334 
534,3235 
-1194,9670 
-226,34302 
832,403 
490,4732 
-380,13 
-822,30 
894,802 
848,4118 
836,2071 
-890,4118 
-408,1711 
396,336 
392,2780 
-150,21836 
-176,7209 
1862,802 
-308,5393 
1302,8896 
-184,32345 
-914,2036 
-470,5574 
-1862,4466 
550,510 
-230,1602 
4832,129 
1966,7 
1500,14 
-1500,5864 
524,2039 
520,2047 
-166,4348 
1266,4392 
1000,22356 
-416,55628 
-1262,22356 
-250,1288 
-394,3776 
-1964,14 
-174,2009 
-450,408 
-192,2852 
-328,212 
-1154,20 
-752,22 
-178,4268 
-396,15 
1816,15 
1762,5495 
-1812,6758 
560,6041 
1738,5211 
1340,24161 
6428,711 
1614,4601 
6290,4057 
6122,3837 
-206,75181 
-236,10257 
-436,10088 
2454,3847 
1716,6127 
1072,14800 
982,19889 
-1066,19865 
-1708,14800 
-2450,2387 
1020,1754 
1028,370 
1264,240 
762,54 
-298,70 
-1240,70 
-4246,10 
-406,2183 
1430,3502 
1424,3485 
-276,124 
-264,53 
1018,36 
964,724 
932,212 
526,5875 
-1012,1344 
942,510 
800,254 
-796,10043 
-204,6043 
486,359 
716,963 
-252,7465 
-844,2366 
566,2227 
632,275 
-446,1846 
1420,2340 
1398,473 
1386,457 
1358,429 
554,1427 
-552,11048 
692,528 
432,280 
-356,24 
-366,1 
-374,59 
754,280 
3270,19 
3264,19 
1012,19 
1008,19 
2870,9 
2864,9 
2860,9 
3892,43 
3724,43 
1242,32 
562,37 
1144,2 
-194,9 
704,1 
2518,1 
-772,45 
-832,45 
968,1 
994,28 
3152,15 
3144,8 
1080,8 
792,26 
464,1015 
-306,250 
590,15 
1236,45 
-1400,45 
2902,7 
1030,294 
-294,17 
-438,3 
620,27 
1188,6 
-410,32 
642,6 
1412,36 
1004,32 
976,11 
1232,32 
984,87 
1094,118 
-212,2060 
1662,86 
1362,30 
618,46 
602,207 
-368,67 
-280,1664 
1456,183 
454,186 
564,116 
-614,121 
-482,799 
-288,12 
838,22 
-278,71 
-810,1398 
1940,45 
1350,48 
626,68 
-1444,48 
-364,72 
-414,36 
-404,48 
1708,45 
1174,48 
1150,32 
-1666,48 
1064,43 
1038,43 
1046,12 
640,4 
598,7 
-254,21 
5742,2 
-1006,36 
-1010,36 
3670,36 
1262,6 
1240,2 
1218,2 
1210,2 
1206,2 
1186,2 
-242,6 
-340,6 
728,1 
2254,10 
2248,10 
2244,10 
5594,1 
2934,1 
1454,4 
656,7 
622,89 
1288,10 
3646,1 
-1206,1 
-1212,1 
-1304,1 
4954,1 
4860,1 
920,19 
